           1   10.9647980    
           2   8.43215752    
           3   8.37707424    
           4   7.06287289    
           5   7.01377296    
           6   6.16108036    
           7   6.11496258    
           8   5.49364281    
           9   5.45105791    
          10   4.96657991    
          11   4.92666912    
          12   4.53150749    
          13   4.49410868    
          14   4.16154718    
          15   4.12655449    
          16   3.84027839    
          17   3.80761576    
          18   3.55701327    
          19   3.52661276    
          20   3.30443525    
          21   3.27623081    
          22   3.07731032    
          23   3.05123234    
          24   2.87176633    
          25   2.84773827    
          26   2.68483424    
          27   2.66277671    
          28   2.51417971    
          29   2.49400544    
          30   2.35791540    
          31   2.33953142    
          32   2.21448016    
          33   2.19779086    
          34   2.08295488    
          35   2.06746912    
          36   1.96103084    
          37   1.94744313    
          38   1.84891689    
          39   1.83807755    
          40   1.74605691    
          41   1.73694670    
          42   1.65100098    
          43   1.64157557    
          44   1.56099737    
          45   1.55333281    
          46   1.47890329    
          47   1.47142339    
          48   1.40278924    
          49   1.39627647    
          50   1.33216608    
          51   1.32654011    
          52   1.26658213    
          53   1.26177073    
          54   1.20608866    
          55   1.20324731    
          56   1.15004492    
          57   1.14831972    
          58   1.09820318    
          59   1.09628093    
          60   1.04919362    
          61   1.04713118    
          62   1.00172150    
          63  0.999578416    
          64  0.958502829    
          65  0.957323730    
          66  0.918612480    
          67  0.917864859    
          68  0.881345749    
          69  0.880986810    
          70  0.846498787    
          71  0.846494913    
          72  0.813892603    
          73  0.814207792    
          74  0.783357441    
          75  0.783964634    
          76  0.754742622    
          77  0.755608022    
          78  0.727900445    
          79  0.729003668    
          80  0.702705681    
          81  0.704020023    
          82  0.679034889    
          83  0.680537343    
          84  0.656777620    
          85  0.658447564    
          86  0.635831535    
          87  0.637653410    
          88  0.616103828    
          89  0.618526459    
          90  0.598176241    
          91  0.601154268    
          92  0.580958843    
          93  0.583763719    
          94  0.565054476    
          95  0.566373289    
          96  0.549150229    
          97  0.551871717    
          98  0.532923460    
          99  0.535343051    
         100  0.518901408    
         101  0.521378934    
         102  0.505609572    
         103  0.508142531    
         104  0.493005633    
         105  0.495579451    
         106  0.481039613    
         107  0.483650059    
         108  0.469669998    
         109  0.472309738    
         110  0.458856702    
         111  0.461520225    
         112  0.448565513    
         113  0.451765448    
         114  0.438760430    
         115  0.443060130    
         116  0.429412156    
         117  0.434354812    
         118  0.423586637    
         119  0.427186877    
         120  0.414940864    
         121  0.418481559    
         122  0.407645673    
         123  0.409777105    
         124  0.398999870    
         125  0.401071787    
         126  0.390354097    
         127  0.392348140    
         128  0.383408248    
         129  0.386531740    
         130  0.377281934    
         131  0.380715400    
         132  0.371505886    
         133  0.374899030    
         134  0.365729809    
         135  0.370414972    
         136  0.359972060    
         137  0.363266230    
         138  0.354195982    
         139  0.357469112    
         140  0.350047678    
         141  0.351671994    
         142  0.347138554    
         143  0.346311241    
         144  0.344209641    
         145  0.343382388    
         146  0.341280818    
         147  0.340473264    
         148  0.338351935    
         149  0.336212039    
         150  0.335442781    
         151  0.333283186    
         152  0.329624504    
         153  0.328816950    
         154  0.326715350    
         155  0.325888067    
         156  0.323806196    
         157  0.322978914    
         158  0.320897013    
         159  0.320069760    
         160  0.318007618    
         161  0.317160636    
         162  0.315118164    
         163  0.314251482    
         164  0.312228739    
         165  0.311342299    
         166  0.309339315    
         167  0.308433175    
         168  0.306449860    
         169  0.305524021    
         170  0.303560436    
         171  0.303947210    
         172  0.300671011    
         173  0.301038057    
         174  0.297781557    
         175  0.298128903    
         176  0.294892132    
         177  0.295219749    
         178  0.291982979    
         179  0.292330325    
         180  0.289093524    
         181  0.289421171    
         182  0.286204129    
         183  0.286512047    
         184  0.283314675    
         185  0.283602864    
         186  0.283334374    
         187  0.283583164    
         188  0.283354104    
         189  0.282211393    
         190  0.280464649    
         191  0.280634582    
         192  0.277575225    
         193  0.276393086    
         194  0.274685800    
         195  0.274836004    
         196  0.271796346    
         197  0.271926850    
         198  0.268906921    
         199  0.269037396    
         200  0.266017467    
         201  0.266128242    
         202  0.263128072    
         203  0.263238847    
         204  0.263147771    
         205  0.263199419    
         206  0.263167500    
         207  0.263179690    
         208  0.263187200    
         209  0.261827648    
         210  0.260297745    
         211  0.258938193    
         212  0.257388592    
         213  0.256029040    
         214  0.254479468    
         215  0.253119886    
         216  0.251590043    
         217  0.250230461    
         218  0.248700589    
         219  0.247321308    
         220  0.245811149    
         221  0.245764211    
         222  0.242921710    
         223  0.242874771    
         224  0.242941424    
         225  0.242855057    
         226  0.242961138    
         227  0.241503015    
         228  0.240071714    
         229  0.239945918    
         230  0.237162560    
         231  0.237036765    
         232  0.234273121    
         233  0.232814983    
         234  0.231383681    
         235  0.229905829    
         236  0.228494257    
         237  0.227016419    
         238  0.225604817    
         239  0.224126965    
         240  0.224047706    
         241  0.222550154    
         242  0.224067420    
         243  0.221198097    
         244  0.221178010    
         245  0.219715744    
         246  0.219888866    
         247  0.219715744    
         248  0.219888866    
         249  0.219715744    
         250  0.219888866    
         251  0.219715744    
         252  0.219888866    
         253  0.219715744    
         254  0.219873577    
         255  0.219715744    
         256  0.219858304    
         257  0.219715744    
         258  0.219843030    
         259  0.219715744    
         260  0.219827756    
         261  0.219715744    
         262  0.219812483    
         263  0.219715744    
         264  0.219797209    
         265  0.219715744    
         266  0.219781935    
         267  0.219715744    
         268  0.219781935    
         269  0.219715744    
         270  0.219781935    
         271  0.219715744    
         272  0.219781935    
         273  0.219715744    
         274  0.219766662    
         275  0.219715744    
         276  0.219766662    
         277  0.219715744    
         278  0.219766662    
         279  0.219715744    
         280  0.219751388    
         281  0.219715744    
         282  0.219736114    
         283  0.219715744    
         284  0.219720840    
         285  0.219715744    
         286  0.219705567    
         287  0.219715744    
         288  0.219690293    
         289  0.219731018    
         290  0.219675019    
         291  0.219731018    
         292  0.219675019    
         293  0.219731018    
         294  0.219675019    
         295  0.219731018    
         296  0.219675019    
         297  0.219731018    
         298  0.219675019    
         299  0.219731018    
         300  0.219659746    
         301  0.219731018    
         302  0.218312114    
         303  0.219731018    
         304  0.218296841    
         305  0.219731018    
         306  0.218281567    
         307  0.219731018    
         308  0.218281567    
         309  0.219731018    
         310  0.218281567    
         311  0.219746292    
         312  0.218266293    
         313  0.219746292    
         314  0.218266293    
         315  0.219746292    
         316  0.218266293    
         317  0.219746292    
         318  0.218266293    
         319  0.219746292    
         320  0.218266293    
         321  0.219746292    
         322  0.218266293    
         323  0.219746292    
         324  0.218266293    
         325  0.219746292    
         326  0.218266293    
         327  0.219746292    
         328  0.218266293    
         329  0.219746292    
         330  0.218251020    
         331  0.219746292    
         332  0.218235746    
         333  0.219746292    
         334  0.218235746    
         335  0.219746292    
         336  0.218235746    
         337  0.219746292    
         338  0.218235746    
         339  0.219746292    
         340  0.218235746    
         341  0.219746292    
         342  0.218235746    
         343  0.219746292    
         344  0.218235746    
         345  0.219746292    
         346  0.218235746    
         347  0.219746292    
         348  0.218235746    
         349  0.219746292    
         350  0.218235746    
         351  0.219746292    
         352  0.218235746    
         353  0.219761565    
         354  0.218235746    
         355  0.219776839    
         356  0.218220472    
         357  0.219792128    
         358  0.218205199    
         359  0.219807401    
         360  0.218205199    
         361  0.219822675    
         362  0.218205199    
         363  0.219837949    
         364  0.218205199    
         365  0.219853222    
         366  0.218205199    
         367  0.219853222    
         368  0.218189925    
         369  0.219853222    
         370  0.218174636    
         371  0.219853222    
         372  0.218159363    
         373  0.219868496    
         374  0.216811761    
         375  0.216989309    
         376  0.215259105    
         377  0.216989309    
         378  0.215243831    
         379  0.216989309    
         380  0.215228558    
         381  0.216989309    
         382  0.215228558    
         383  0.216989309    
         384  0.215228558    
         385  0.216989309    
         386  0.215228558    
         387  0.216989309    
         388  0.215228558    
         389  0.216989309    
         390  0.215228558    
         391  0.216989309    
         392  0.215228558    
         393  0.216989309    
         394  0.215228558    
         395  0.216989309    
         396  0.215228558    
         397  0.216989309    
         398  0.215228558    
         399  0.216989309    
         400  0.215228558    
         401  0.216989309    
         402  0.215228558    
         403  0.216989309    
         404  0.215228558    
         405  0.216989309    
         406  0.215228558    
         407  0.216989309    
         408  0.215228558    
         409  0.216989309    
         410  0.215213284    
         411  0.216989309    
         412  0.215213284    
         413  0.216989309    
         414  0.215213284    
         415  0.216989309    
         416  0.215213284    
         417  0.216989309    
         418  0.215213284    
         419  0.216989309    
         420  0.215213284    
         421  0.216989309    
         422  0.215213284    
         423  0.216989309    
         424  0.215213284    
         425  0.216989309    
         426  0.215213284    
         427  0.216989309    
         428  0.215213284    
         429  0.216989309    
         430  0.215198010    
         431  0.216989309    
         432  0.215182737    
         433  0.216989309    
         434  0.215167463    
         435  0.216989309    
         436  0.215152189    
         437  0.216989309    
         438  0.213804573    
         439  0.214110121    
         440  0.210919574    
         441  0.211215675    
         442  0.208049849    
         443  0.208320484    
         444  0.206512466    
         445  0.208320484    
         446  0.206512466    
         447  0.208335757    
         448  0.206512466    
         449  0.208351046    
         450  0.205180123    
         451  0.205471873    
         452  0.203642756    
         453  0.202592686    
         454  0.200773016    
         455  0.199713498    
         456  0.197888017    
         457  0.199728772    
         458  0.196540400    
         459  0.196833596    
         460  0.193655416    
         461  0.193939164    
         462  0.190770432    
         463  0.191044703    
         464  0.189217761    
         465  0.191044703    
         466  0.189202487    
         467  0.191044703    
         468  0.189187214    
         469  0.191044703    
         470  0.189187214    
         471  0.191044703    
         472  0.189187214    
         473  0.191044703    
         474  0.189171940    
         475  0.191044703    
         476  0.189156666    
         477  0.191044703    
         478  0.189156666    
         479  0.191044703    
         480  0.189156666    
         481  0.191044703    
         482  0.187824324    
         483  0.188149512    
         484  0.186286941    
         485  0.188149512    
         486  0.186286941    
         487  0.188149512    
         488  0.186286941    
         489  0.188149512    
         490  0.186286941    
         491  0.188149512    
         492  0.186286941    
         493  0.188149512    
         494  0.186286941    
         495  0.188149512    
         496  0.186286941    
         497  0.188149512    
         498  0.186286941    
         499  0.188149512    
         500  0.186286941    
         501  0.188149512    
         502  0.186286941    
         503  0.188149512    
         504  0.186286941    
         505  0.188149512    
         506  0.186286941    
         507  0.188149512    
         508  0.186286941    
         509  0.188149512    
         510  0.186286941    
         511  0.188149512    
         512  0.186286941    
         513  0.188149512    
         514  0.186286941    
         515  0.188149512    
         516  0.186286941    
         517  0.188149512    
         518  0.186286941    
         519  0.188149512    
         520  0.186286941    
         521  0.188149512    
         522  0.186286941    
         523  0.188149512    
         524  0.186286941    
         525  0.188149512    
         526  0.186286941    
         527  0.188149512    
         528  0.186286941    
         529  0.188149512    
         530  0.186286941    
         531  0.188149512    
         532  0.186286941    
         533  0.188149512    
         534  0.186286941    
         535  0.188149512    
         536  0.186286941    
         537  0.188149512    
         538  0.186286941    
         539  0.188149512    
         540  0.186286941    
         541  0.188149512    
         542  0.186286941    
         543  0.188149512    
         544  0.186286941    
         545  0.188149512    
         546  0.186286941    
         547  0.188149512    
         548  0.186286941    
         549  0.188149512    
         550  0.186286941    
         551  0.188149512    
         552  0.186286941    
         553  0.188149512    
         554  0.186286941    
         555  0.188149512    
         556  0.186286941    
         557  0.188149512    
         558  0.186286941    
         559  0.188149512    
         560  0.186286941    
         561  0.188149512    
         562  0.186286941    
         563  0.188149512    
         564  0.186286941    
         565  0.188149512    
         566  0.186286941    
         567  0.188149512    
         568  0.186286941    
         569  0.188149512    
         570  0.186286941    
         571  0.188149512    
         572  0.186286941    
         573  0.188149512    
         574  0.186286941    
         575  0.188149512    
         576  0.186286941    
         577  0.188149512    
         578  0.186271653    
         579  0.188149512    
         580  0.186271653    
         581  0.188149512    
         582  0.186271653    
         583  0.188149512    
         584  0.186271653    
         585  0.188149512    
         586  0.186271653    
         587  0.188149512    
         588  0.186271653    
         589  0.188149512    
         590  0.186271653    
         591  0.188149512    
         592  0.186271653    
         593  0.188149512    
         594  0.186271653    
         595  0.188149512    
         596  0.186271653    
         597  0.188149512    
         598  0.186271653    
         599  0.188149512    
         600  0.186271653    
         601  0.188149512    
         602  0.186271653    
         603  0.188149512    
         604  0.186271653    
         605  0.188149512    
         606  0.186271653    
         607  0.188149512    
         608  0.186271653    
         609  0.188149512    
         610  0.186271653    
         611  0.188149512    
         612  0.186271653    
         613  0.188149512    
         614  0.186271653    
         615  0.188149512    
         616  0.186271653    
         617  0.188149512    
         618  0.186271653    
         619  0.188149512    
         620  0.186271653    
         621  0.188149512    
         622  0.186271653    
         623  0.188149512    
         624  0.186271653    
         625  0.188149512    
         626  0.186271653    
         627  0.188149512    
         628  0.186271653    
         629  0.188149512    
         630  0.186271653    
         631  0.188149512    
         632  0.186271653    
         633  0.188149512    
         634  0.186271653    
         635  0.188164786    
         636  0.186271653    
         637  0.188180059    
         638  0.186271653    
         639  0.188195333    
         640  0.186271653    
         641  0.188210607    
         642  0.186271653    
         643  0.188225880    
         644  0.186271653    
         645  0.188241154    
         646  0.186271653    
         647  0.188256428    
         648  0.186271653    
         649  0.188256428    
         650  0.186271653    
         651  0.188256428    
         652  0.186271653    
         653  0.188256428    
         654  0.186271653    
         655  0.188256428    
         656  0.186271653    
         657  0.188256428    
         658  0.186271653    
         659  0.188256428    
         660  0.186271653    
         661  0.188256428    
         662  0.186271653    
         663  0.188256428    
         664  0.186271653    
         665  0.188256428    
         666  0.186271653    
         667  0.188256428    
         668  0.186271653    
         669  0.188256428    
         670  0.186271653    
         671  0.188256428    
         672  0.186271653    
         673  0.188256428    
         674  0.186271653    
         675  0.188256428    
         676  0.186271653    
         677  0.188256428    
         678  0.186271653    
         679  0.188256428    
         680  0.186271653    
         681  0.188256428    
         682  0.186271653    
         683  0.188256428    
         684  0.186271653    
         685  0.188256428    
         686  0.186271653    
         687  0.188256428    
         688  0.186271653    
         689  0.188256428    
         690  0.186271653    
         691  0.188256428    
         692  0.186271653    
         693  0.188256428    
         694  0.186271653    
         695  0.188256428    
         696  0.186271653    
         697  0.188256428    
         698  0.186271653    
         699  0.188256428    
         700  0.186271653    
         701  0.188256428    
         702  0.186271653    
         703  0.188256428    
         704  0.186271653    
         705  0.188256428    
         706  0.186271653    
         707  0.188256428    
         708  0.186271653    
         709  0.188256428    
         710  0.186271653    
         711  0.188256428    
         712  0.186271653    
         713  0.188256428    
         714  0.186271653    
         715  0.188256428    
         716  0.186271653    
         717  0.188256428    
         718  0.186271653    
         719  0.188256428    
         720  0.186271653    
         721  0.188256428    
         722  0.186271653    
         723  0.188256428    
         724  0.186271653    
         725  0.188256428    
         726  0.186271653    
         727  0.188256428    
         728  0.186271653    
         729  0.188256428    
         730  0.186271653    
         731  0.188256428    
         732  0.186271653    
         733  0.188256428    
         734  0.186271653    
         735  0.188256428    
         736  0.186271653    
         737  0.188256428    
         738  0.186271653    
         739  0.188256428    
         740  0.186271653    
         741  0.188256428    
         742  0.186271653    
         743  0.188256428    
         744  0.186271653    
         745  0.188256428    
         746  0.186271653    
         747  0.188256428    
         748  0.186271653    
         749  0.188256428    
         750  0.186271653    
         751  0.188256428    
         752  0.186271653    
         753  0.188256428    
         754  0.186271653    
         755  0.188256428    
         756  0.186271653    
         757  0.188256428    
         758  0.186271653    
         759  0.188256428    
         760  0.186271653    
         761  0.188256428    
         762  0.186271653    
         763  0.188256428    
         764  0.186271653    
         765  0.188256428    
         766  0.186271653    
         767  0.188256428    
         768  0.186271653    
         769  0.188256428    
         770  0.186271653    
         771  0.188256428    
         772  0.186271653    
         773  0.188256428    
         774  0.186271653    
         775  0.188256428    
         776  0.186271653    
         777  0.188256428    
         778  0.186271653    
         779  0.188256428    
         780  0.186271653    
         781  0.188256428    
         782  0.186271653    
         783  0.188256428    
         784  0.186271653    
         785  0.188256428    
         786  0.186271653    
         787  0.188256428    
         788  0.186271653    
         789  0.188256428    
         790  0.186271653    
         791  0.188256428    
         792  0.186271653    
         793  0.188256428    
         794  0.186271653    
         795  0.188256428    
         796  0.186271653    
         797  0.188256428    
         798  0.186271653    
         799  0.188256428    
         800  0.186271653    
         801  0.188256428    
         802  0.186271653    
         803  0.188256428    
         804  0.186271653    
         805  0.188256428    
         806  0.186271653    
         807  0.188256428    
         808  0.186271653    
         809  0.188256428    
         810  0.186271653    
         811  0.188256428    
         812  0.186271653    
         813  0.188256428    
         814  0.186271653    
         815  0.188256428    
         816  0.186271653    
         817  0.188256428    
         818  0.186271653    
         819  0.188256428    
         820  0.186271653    
         821  0.188256428    
         822  0.186271653    
         823  0.188256428    
         824  0.186271653    
         825  0.188256428    
         826  0.186271653    
         827  0.188256428    
         828  0.186271653    
         829  0.188256428    
         830  0.186271653    
         831  0.188256428    
         832  0.186271653    
         833  0.188256428    
         834  0.186271653    
         835  0.188256428    
         836  0.186271653    
         837  0.188256428    
         838  0.186271653    
         839  0.188256428    
         840  0.186271653    
         841  0.188256428    
         842  0.186271653    
         843  0.188256428    
         844  0.186271653    
         845  0.188256428    
         846  0.186271653    
         847  0.188256428    
         848  0.186271653    
         849  0.188256428    
         850  0.186271653    
         851  0.188256428    
         852  0.186271653    
         853  0.188256428    
         854  0.186271653    
         855  0.188256428    
         856  0.186271653    
         857  0.188256428    
         858  0.186271653    
         859  0.188256428    
         860  0.186271653    
         861  0.188256428    
         862  0.186271653    
         863  0.188256428    
         864  0.186271653    
         865  0.188256428    
         866  0.186271653    
         867  0.188256428    
         868  0.186271653    
         869  0.188256428    
         870  0.186271653    
         871  0.188256428    
         872  0.186271653    
         873  0.188256428    
         874  0.186271653    
         875  0.188256428    
         876  0.186271653    
         877  0.188256428    
         878  0.186271653    
         879  0.188256428    
         880  0.186271653    
         881  0.188256428    
         882  0.186271653    
         883  0.188256428    
         884  0.186271653    
         885  0.188256428    
         886  0.186271653    
         887  0.188256428    
         888  0.186271653    
         889  0.188256428    
         890  0.186271653    
         891  0.188256428    
         892  0.186271653    
         893  0.188256428    
         894  0.186271653    
         895  0.188256428    
         896  0.186271653    
         897  0.188256428    
         898  0.186271653    
         899  0.188256428    
         900  0.186271653    
         901  0.188256428    
         902  0.186271653    
         903  0.188256428    
         904  0.186271653    
         905  0.188256428    
         906  0.186271653    
         907  0.188256428    
         908  0.186271653    
         909  0.188256428    
         910  0.186271653    
         911  0.188256428    
         912  0.186271653    
         913  0.188256428    
         914  0.186271653    
         915  0.188256428    
         916  0.186271653    
         917  0.188256428    
         918  0.186271653    
         919  0.188256428    
         920  0.186271653    
         921  0.188256428    
         922  0.186271653    
         923  0.188256428    
         924  0.186271653    
         925  0.188256428    
         926  0.186271653    
         927  0.188256428    
         928  0.186271653    
         929  0.188256428    
         930  0.186271653    
         931  0.188256428    
         932  0.186271653    
         933  0.188256428    
         934  0.186271653    
         935  0.188256428    
         936  0.186271653    
         937  0.188256428    
         938  0.186271653    
         939  0.188256428    
         940  0.186271653    
         941  0.188256428    
         942  0.186271653    
         943  0.188256428    
         944  0.186271653    
         945  0.188256428    
         946  0.186271653    
         947  0.188256428    
         948  0.186271653    
         949  0.188256428    
         950  0.186271653    
         951  0.188256428    
         952  0.186271653    
         953  0.188256428    
         954  0.186271653    
         955  0.188256428    
         956  0.186271653    
         957  0.188256428    
         958  0.186271653    
         959  0.188256428    
         960  0.186271653    
         961  0.188256428    
         962  0.186271653    
         963  0.188256428    
         964  0.186271653    
         965  0.188256428    
         966  0.186271653    
         967  0.188256428    
         968  0.186271653    
         969  0.188256428    
         970  0.186271653    
         971  0.188256428    
         972  0.186271653    
         973  0.188256428    
         974  0.186271653    
         975  0.188256428    
         976  0.186271653    
         977  0.188256428    
         978  0.186271653    
         979  0.188256428    
         980  0.186271653    
         981  0.188256428    
         982  0.186271653    
         983  0.188256428    
         984  0.186271653    
         985  0.188256428    
         986  0.186271653    
         987  0.188256428    
         988  0.186271653    
         989  0.188256428    
         990  0.186271653    
         991  0.188256428    
         992  0.186271653    
         993  0.188256428    
         994  0.186271653    
         995  0.188256428    
         996  0.186271653    
         997  0.188256428    
         998  0.186271653    
         999  0.188256428    
        1000  0.186271653    
