           1   2.47176051    
           2   1.26034188    
           3  0.805063069    
           4  0.576670825    
           5  0.442795515    
           6  0.356145889    
           7  0.296342105    
           8  0.252330482    
           9  0.219341144    
          10  0.193243414    
          11  0.171480164    
          12  0.155038029    
          13  0.140189722    
          14  0.127175525    
          15  0.116503403    
          16  0.108378597    
          17  0.100629769    
          18   9.17984769E-02
          19   8.53619874E-02
          20   8.05443525E-02
          21   7.57459477E-02
          22   7.10235611E-02
          23   6.63204044E-02
          24   6.16932660E-02
          25   5.84552549E-02
          26   5.52364737E-02
          27   5.20744808E-02
          28   4.89500314E-02
          29   4.60827537E-02
          30   4.41094972E-02
          31   4.14908677E-02
          32   3.94384190E-02
          33   3.77442911E-02
          34   3.61234546E-02
          35   3.44842970E-02
          36   3.30279395E-02
          37   3.27804200E-02
          38   3.13586742E-02
          39   3.02614607E-02
          40   2.94937566E-02
          41   2.86808368E-02
          42   2.84257811E-02
          43   2.72233300E-02
          44   2.65379976E-02
          45   2.58535612E-02
          46   2.55107637E-02
          47   2.46078074E-02
          48   2.40532570E-02
          49   2.40487754E-02
          50   2.40487754E-02
          51   2.40487754E-02
          52   2.40487754E-02
          53   2.40487754E-02
          54   2.40487754E-02
          55   2.40487754E-02
          56   2.40487754E-02
          57   2.40487754E-02
          58   2.40487754E-02
          59   2.40487754E-02
          60   2.40487754E-02
          61   2.40487754E-02
          62   2.40487754E-02
          63   2.40487754E-02
          64   2.40487754E-02
          65   2.40487754E-02
          66   2.40487754E-02
          67   2.40487754E-02
          68   2.40487754E-02
          69   2.40487754E-02
          70   2.40487754E-02
          71   2.40487754E-02
          72   2.40487754E-02
          73   2.40487754E-02
          74   2.40487754E-02
          75   2.40487754E-02
          76   2.40487754E-02
          77   2.40487754E-02
          78   2.40487754E-02
          79   2.40487754E-02
          80   2.40487754E-02
          81   2.40487754E-02
          82   2.40487754E-02
          83   2.40487754E-02
          84   2.40487754E-02
          85   2.40487754E-02
          86   2.40487754E-02
          87   2.40487754E-02
          88   2.40487754E-02
          89   2.40487754E-02
          90   2.40487754E-02
          91   2.40487754E-02
          92   2.40487754E-02
          93   2.40487754E-02
          94   2.40487754E-02
          95   2.40487754E-02
          96   2.40487754E-02
          97   2.40487754E-02
          98   2.40487754E-02
          99   2.40487754E-02
         100   2.40487754E-02
         101   2.40487754E-02
         102   2.40487754E-02
         103   2.40487754E-02
         104   2.40487754E-02
         105   2.40487754E-02
         106   2.40487754E-02
         107   2.40487754E-02
         108   2.40487754E-02
         109   2.40487754E-02
         110   2.40487754E-02
         111   2.40487754E-02
         112   2.40487754E-02
         113   2.40487754E-02
         114   2.40487754E-02
         115   2.40487754E-02
         116   2.40487754E-02
         117   2.40487754E-02
         118   2.40487754E-02
         119   2.40487754E-02
         120   2.40487754E-02
         121   2.40487754E-02
         122   2.40487754E-02
         123   2.40487754E-02
         124   2.40487754E-02
         125   2.40487754E-02
         126   2.40487754E-02
         127   2.40487754E-02
         128   2.40487754E-02
         129   2.40487754E-02
         130   2.40487754E-02
         131   2.40487754E-02
         132   2.40487754E-02
         133   2.40487754E-02
         134   2.40487754E-02
         135   2.40487754E-02
         136   2.40487754E-02
         137   2.40487754E-02
         138   2.40487754E-02
         139   2.40487754E-02
         140   2.40487754E-02
         141   2.40487754E-02
         142   2.40487754E-02
         143   2.40487754E-02
         144   2.40487754E-02
         145   2.40487754E-02
         146   2.40487754E-02
         147   2.40487754E-02
         148   2.40487754E-02
         149   2.40487754E-02
         150   2.40487754E-02
         151   2.40487754E-02
         152   2.40487754E-02
         153   2.40487754E-02
         154   2.40487754E-02
         155   2.40487754E-02
         156   2.40487754E-02
         157   2.40487754E-02
         158   2.40487754E-02
         159   2.40487754E-02
         160   2.40487754E-02
         161   2.40487754E-02
         162   2.40487754E-02
         163   2.40487754E-02
         164   2.40487754E-02
         165   2.40487754E-02
         166   2.40487754E-02
         167   2.40487754E-02
         168   2.40487754E-02
         169   2.40487754E-02
         170   2.40487754E-02
         171   2.40487754E-02
         172   2.40487754E-02
         173   2.40487754E-02
         174   2.40487754E-02
         175   2.40487754E-02
         176   2.40487754E-02
         177   2.40487754E-02
         178   2.40487754E-02
         179   2.40487754E-02
         180   2.40487754E-02
         181   2.40487754E-02
         182   2.40487754E-02
         183   2.40487754E-02
         184   2.40487754E-02
         185   2.40487754E-02
         186   2.40487754E-02
         187   2.40487754E-02
         188   2.40487754E-02
         189   2.40487754E-02
         190   2.40487754E-02
         191   2.40487754E-02
         192   2.40487754E-02
         193   2.40487754E-02
         194   2.40487754E-02
         195   2.40487754E-02
         196   2.40487754E-02
         197   2.40487754E-02
         198   2.40487754E-02
         199   2.40487754E-02
         200   2.40487754E-02
         201   2.40487754E-02
         202   2.40487754E-02
         203   2.40487754E-02
         204   2.40487754E-02
         205   2.40487754E-02
         206   2.40487754E-02
         207   2.40487754E-02
         208   2.40487754E-02
         209   2.40487754E-02
         210   2.40487754E-02
         211   2.40487754E-02
         212   2.40487754E-02
         213   2.40487754E-02
         214   2.40487754E-02
         215   2.40487754E-02
         216   2.40487754E-02
         217   2.40487754E-02
         218   2.40487754E-02
         219   2.40487754E-02
         220   2.40487754E-02
         221   2.40487754E-02
         222   2.40487754E-02
         223   2.40487754E-02
         224   2.40487754E-02
         225   2.40487754E-02
         226   2.40487754E-02
         227   2.40487754E-02
         228   2.40487754E-02
         229   2.40487754E-02
         230   2.40487754E-02
         231   2.40487754E-02
         232   2.40487754E-02
         233   2.40487754E-02
         234   2.40487754E-02
         235   2.40487754E-02
         236   2.40487754E-02
         237   2.40487754E-02
         238   2.40487754E-02
         239   2.40487754E-02
         240   2.40487754E-02
         241   2.40487754E-02
         242   2.40487754E-02
         243   2.40487754E-02
         244   2.40487754E-02
         245   2.40487754E-02
         246   2.40487754E-02
         247   2.40487754E-02
         248   2.40487754E-02
         249   2.40487754E-02
         250   2.40487754E-02
         251   2.40487754E-02
         252   2.40487754E-02
         253   2.40487754E-02
         254   2.40487754E-02
         255   2.40487754E-02
         256   2.40487754E-02
         257   2.40487754E-02
         258   2.40487754E-02
         259   2.40487754E-02
         260   2.40487754E-02
         261   2.40487754E-02
         262   2.40487754E-02
         263   2.40487754E-02
         264   2.40487754E-02
         265   2.40487754E-02
         266   2.40487754E-02
         267   2.40487754E-02
         268   2.40487754E-02
         269   2.40487754E-02
         270   2.40487754E-02
         271   2.40487754E-02
         272   2.40487754E-02
         273   2.40487754E-02
         274   2.40487754E-02
         275   2.40487754E-02
         276   2.40487754E-02
         277   2.40487754E-02
         278   2.40487754E-02
         279   2.40487754E-02
         280   2.40487754E-02
         281   2.40487754E-02
         282   2.40487754E-02
         283   2.40487754E-02
         284   2.40487754E-02
         285   2.40487754E-02
         286   2.40487754E-02
         287   2.40487754E-02
         288   2.40487754E-02
         289   2.40487754E-02
         290   2.40487754E-02
         291   2.40487754E-02
         292   2.40487754E-02
         293   2.40487754E-02
         294   2.40487754E-02
         295   2.40487754E-02
         296   2.40487754E-02
         297   2.40487754E-02
         298   2.40487754E-02
         299   2.40487754E-02
         300   2.40487754E-02
         301   2.40487754E-02
         302   2.40487754E-02
         303   2.40487754E-02
         304   2.40487754E-02
         305   2.40487754E-02
         306   2.40487754E-02
         307   2.40487754E-02
         308   2.40487754E-02
         309   2.40487754E-02
         310   2.40487754E-02
         311   2.40487754E-02
         312   2.40487754E-02
         313   2.40487754E-02
         314   2.40487754E-02
         315   2.40487754E-02
         316   2.40487754E-02
         317   2.40487754E-02
         318   2.40487754E-02
         319   2.40487754E-02
         320   2.40487754E-02
         321   2.40487754E-02
         322   2.40487754E-02
         323   2.40487754E-02
         324   2.40487754E-02
         325   2.40487754E-02
         326   2.40487754E-02
         327   2.40487754E-02
         328   2.40487754E-02
         329   2.40487754E-02
         330   2.40487754E-02
         331   2.40487754E-02
         332   2.40487754E-02
         333   2.40487754E-02
         334   2.40487754E-02
         335   2.40487754E-02
         336   2.40487754E-02
         337   2.40487754E-02
         338   2.40487754E-02
         339   2.40487754E-02
         340   2.40487754E-02
         341   2.40487754E-02
         342   2.40487754E-02
         343   2.40487754E-02
         344   2.40487754E-02
         345   2.40487754E-02
         346   2.40487754E-02
         347   2.40487754E-02
         348   2.40487754E-02
         349   2.40487754E-02
         350   2.40487754E-02
         351   2.40487754E-02
         352   2.40487754E-02
         353   2.40487754E-02
         354   2.40487754E-02
         355   2.40487754E-02
         356   2.40487754E-02
         357   2.40487754E-02
         358   2.40487754E-02
         359   2.40487754E-02
         360   2.40487754E-02
         361   2.40487754E-02
         362   2.40487754E-02
         363   2.40487754E-02
         364   2.40487754E-02
         365   2.40487754E-02
         366   2.40487754E-02
         367   2.40487754E-02
         368   2.40487754E-02
         369   2.40487754E-02
         370   2.40487754E-02
         371   2.40487754E-02
         372   2.40487754E-02
         373   2.40487754E-02
         374   2.40487754E-02
         375   2.40487754E-02
         376   2.40487754E-02
         377   2.40487754E-02
         378   2.40487754E-02
         379   2.40487754E-02
         380   2.40487754E-02
         381   2.40487754E-02
         382   2.40487754E-02
         383   2.40487754E-02
         384   2.40487754E-02
         385   2.40487754E-02
         386   2.40487754E-02
         387   2.40487754E-02
         388   2.40487754E-02
         389   2.40487754E-02
         390   2.40487754E-02
         391   2.40487754E-02
         392   2.40487754E-02
         393   2.40487754E-02
         394   2.40487754E-02
         395   2.40487754E-02
         396   2.40487754E-02
         397   2.40487754E-02
         398   2.40487754E-02
         399   2.40487754E-02
         400   2.40487754E-02
         401   2.40487754E-02
         402   2.40487754E-02
         403   2.40487754E-02
         404   2.40487754E-02
         405   2.40487754E-02
         406   2.40487754E-02
         407   2.40487754E-02
         408   2.40487754E-02
         409   2.40487754E-02
         410   2.40487754E-02
         411   2.40487754E-02
         412   2.40487754E-02
         413   2.40487754E-02
         414   2.40487754E-02
         415   2.40487754E-02
         416   2.40487754E-02
         417   2.40487754E-02
         418   2.40487754E-02
         419   2.40487754E-02
         420   2.40487754E-02
         421   2.40487754E-02
         422   2.40487754E-02
         423   2.40487754E-02
         424   2.40487754E-02
         425   2.40487754E-02
         426   2.40487754E-02
         427   2.40487754E-02
         428   2.40487754E-02
         429   2.40487754E-02
         430   2.40487754E-02
         431   2.40487754E-02
         432   2.40487754E-02
         433   2.40487754E-02
         434   2.40487754E-02
         435   2.40487754E-02
         436   2.40487754E-02
         437   2.40487754E-02
         438   2.40487754E-02
         439   2.40487754E-02
         440   2.40487754E-02
         441   2.40487754E-02
         442   2.40487754E-02
         443   2.40487754E-02
         444   2.40487754E-02
         445   2.40487754E-02
         446   2.40487754E-02
         447   2.40487754E-02
         448   2.40487754E-02
         449   2.40487754E-02
         450   2.40487754E-02
         451   2.40487754E-02
         452   2.40487754E-02
         453   2.40487754E-02
         454   2.40487754E-02
         455   2.40487754E-02
         456   2.40487754E-02
         457   2.40487754E-02
         458   2.40487754E-02
         459   2.40487754E-02
         460   2.40487754E-02
         461   2.40487754E-02
         462   2.40487754E-02
         463   2.40487754E-02
         464   2.40487754E-02
         465   2.40487754E-02
         466   2.40487754E-02
         467   2.40487754E-02
         468   2.40487754E-02
         469   2.40487754E-02
         470   2.40487754E-02
         471   2.40487754E-02
         472   2.40487754E-02
         473   2.40487754E-02
         474   2.40487754E-02
         475   2.40487754E-02
         476   2.40487754E-02
         477   2.40487754E-02
         478   2.40487754E-02
         479   2.40487754E-02
         480   2.40487754E-02
         481   2.40487754E-02
         482   2.40487754E-02
         483   2.40487754E-02
         484   2.40487754E-02
         485   2.40487754E-02
         486   2.40487754E-02
         487   2.40487754E-02
         488   2.40487754E-02
         489   2.40487754E-02
         490   2.40487754E-02
         491   2.40487754E-02
         492   2.40487754E-02
         493   2.40487754E-02
         494   2.40487754E-02
         495   2.40487754E-02
         496   2.40487754E-02
         497   2.40487754E-02
         498   2.40487754E-02
         499   2.40487754E-02
         500   2.40487754E-02
         501   2.40487754E-02
         502   2.40487754E-02
         503   2.40487754E-02
         504   2.40487754E-02
         505   2.40487754E-02
         506   2.40487754E-02
         507   2.40487754E-02
         508   2.40487754E-02
         509   2.40487754E-02
         510   2.40487754E-02
         511   2.40487754E-02
         512   2.40487754E-02
         513   2.40487754E-02
         514   2.40487754E-02
         515   2.40487754E-02
         516   2.40487754E-02
         517   2.40487754E-02
         518   2.40487754E-02
         519   2.40487754E-02
         520   2.40487754E-02
         521   2.40487754E-02
         522   2.40487754E-02
         523   2.40487754E-02
         524   2.40487754E-02
         525   2.40487754E-02
         526   2.40487754E-02
         527   2.40487754E-02
         528   2.40487754E-02
         529   2.40487754E-02
         530   2.40487754E-02
         531   2.40487754E-02
         532   2.40487754E-02
         533   2.40487754E-02
         534   2.40487754E-02
         535   2.40487754E-02
         536   2.40487754E-02
         537   2.40487754E-02
         538   2.40487754E-02
         539   2.40487754E-02
         540   2.40487754E-02
         541   2.40487754E-02
         542   2.40487754E-02
         543   2.40487754E-02
         544   2.40487754E-02
         545   2.40487754E-02
         546   2.40487754E-02
         547   2.40487754E-02
         548   2.40487754E-02
         549   2.40487754E-02
         550   2.40487754E-02
         551   2.40487754E-02
         552   2.40487754E-02
         553   2.40487754E-02
         554   2.40487754E-02
         555   2.40487754E-02
         556   2.40487754E-02
         557   2.40487754E-02
         558   2.40487754E-02
         559   2.40487754E-02
         560   2.40487754E-02
         561   2.40487754E-02
         562   2.40487754E-02
         563   2.40487754E-02
         564   2.40487754E-02
         565   2.40487754E-02
         566   2.40487754E-02
         567   2.40487754E-02
         568   2.40487754E-02
         569   2.40487754E-02
         570   2.40487754E-02
         571   2.40487754E-02
         572   2.40487754E-02
         573   2.40487754E-02
         574   2.40487754E-02
         575   2.40487754E-02
         576   2.40487754E-02
         577   2.40487754E-02
         578   2.40487754E-02
         579   2.40487754E-02
         580   2.40487754E-02
         581   2.40487754E-02
         582   2.40487754E-02
         583   2.40487754E-02
         584   2.40487754E-02
         585   2.40487754E-02
         586   2.40487754E-02
         587   2.40487754E-02
         588   2.40487754E-02
         589   2.40487754E-02
         590   2.40487754E-02
         591   2.40487754E-02
         592   2.40487754E-02
         593   2.40487754E-02
         594   2.40487754E-02
         595   2.40487754E-02
         596   2.40487754E-02
         597   2.40487754E-02
         598   2.40487754E-02
         599   2.40487754E-02
         600   2.40487754E-02
         601   2.40487754E-02
         602   2.40487754E-02
         603   2.40487754E-02
         604   2.40487754E-02
         605   2.40487754E-02
         606   2.40487754E-02
         607   2.40487754E-02
         608   2.40487754E-02
         609   2.40487754E-02
         610   2.40487754E-02
         611   2.40487754E-02
         612   2.40487754E-02
         613   2.40487754E-02
         614   2.40487754E-02
         615   2.40487754E-02
         616   2.40487754E-02
         617   2.40487754E-02
         618   2.40487754E-02
         619   2.40487754E-02
         620   2.40487754E-02
         621   2.40487754E-02
         622   2.40487754E-02
         623   2.40487754E-02
         624   2.40487754E-02
         625   2.40487754E-02
         626   2.40487754E-02
         627   2.40487754E-02
         628   2.40487754E-02
         629   2.40487754E-02
         630   2.40487754E-02
         631   2.40487754E-02
         632   2.40487754E-02
         633   2.40487754E-02
         634   2.40487754E-02
         635   2.40487754E-02
         636   2.40487754E-02
         637   2.40487754E-02
         638   2.40487754E-02
         639   2.40487754E-02
         640   2.40487754E-02
         641   2.40487754E-02
         642   2.40487754E-02
         643   2.40487754E-02
         644   2.40487754E-02
         645   2.40487754E-02
         646   2.40487754E-02
         647   2.40487754E-02
         648   2.40487754E-02
         649   2.40487754E-02
         650   2.40487754E-02
         651   2.40487754E-02
         652   2.40487754E-02
         653   2.40487754E-02
         654   2.40487754E-02
         655   2.40487754E-02
         656   2.40487754E-02
         657   2.40487754E-02
         658   2.40487754E-02
         659   2.40487754E-02
         660   2.40487754E-02
         661   2.40487754E-02
         662   2.40487754E-02
         663   2.40487754E-02
         664   2.40487754E-02
         665   2.40487754E-02
         666   2.40487754E-02
         667   2.40487754E-02
         668   2.40487754E-02
         669   2.40487754E-02
         670   2.40487754E-02
         671   2.40487754E-02
         672   2.40487754E-02
         673   2.40487754E-02
         674   2.40487754E-02
         675   2.40487754E-02
         676   2.40487754E-02
         677   2.40487754E-02
         678   2.40487754E-02
         679   2.40487754E-02
         680   2.40487754E-02
         681   2.40487754E-02
         682   2.40487754E-02
         683   2.40487754E-02
         684   2.40487754E-02
         685   2.40487754E-02
         686   2.40487754E-02
         687   2.40487754E-02
         688   2.40487754E-02
         689   2.40487754E-02
         690   2.40487754E-02
         691   2.40487754E-02
         692   2.40487754E-02
         693   2.40487754E-02
         694   2.40487754E-02
         695   2.40487754E-02
         696   2.40487754E-02
         697   2.40487754E-02
         698   2.40487754E-02
         699   2.40487754E-02
         700   2.40487754E-02
         701   2.40487754E-02
         702   2.40487754E-02
         703   2.40487754E-02
         704   2.40487754E-02
         705   2.40487754E-02
         706   2.40487754E-02
         707   2.40487754E-02
         708   2.40487754E-02
         709   2.40487754E-02
         710   2.40487754E-02
         711   2.40487754E-02
         712   2.40487754E-02
         713   2.40487754E-02
         714   2.40487754E-02
         715   2.40487754E-02
         716   2.40487754E-02
         717   2.40487754E-02
         718   2.40487754E-02
         719   2.40487754E-02
         720   2.40487754E-02
         721   2.40487754E-02
         722   2.40487754E-02
         723   2.40487754E-02
         724   2.40487754E-02
         725   2.40487754E-02
         726   2.40487754E-02
         727   2.40487754E-02
         728   2.40487754E-02
         729   2.40487754E-02
         730   2.40487754E-02
         731   2.40487754E-02
         732   2.40487754E-02
         733   2.40487754E-02
         734   2.40487754E-02
         735   2.40487754E-02
         736   2.40487754E-02
         737   2.40487754E-02
         738   2.40487754E-02
         739   2.40487754E-02
         740   2.40487754E-02
         741   2.40487754E-02
         742   2.40487754E-02
         743   2.40487754E-02
         744   2.40487754E-02
         745   2.40487754E-02
         746   2.40487754E-02
         747   2.40487754E-02
         748   2.40487754E-02
         749   2.40487754E-02
         750   2.40487754E-02
         751   2.40487754E-02
         752   2.40487754E-02
         753   2.40487754E-02
         754   2.40487754E-02
         755   2.40487754E-02
         756   2.40487754E-02
         757   2.40487754E-02
         758   2.40487754E-02
         759   2.40487754E-02
         760   2.40487754E-02
         761   2.40487754E-02
         762   2.40487754E-02
         763   2.40487754E-02
         764   2.40487754E-02
         765   2.40487754E-02
         766   2.40487754E-02
         767   2.40487754E-02
         768   2.40487754E-02
         769   2.40487754E-02
         770   2.40487754E-02
         771   2.40487754E-02
         772   2.40487754E-02
         773   2.40487754E-02
         774   2.40487754E-02
         775   2.40487754E-02
         776   2.40487754E-02
         777   2.40487754E-02
         778   2.40487754E-02
         779   2.40487754E-02
         780   2.40487754E-02
         781   2.40487754E-02
         782   2.40487754E-02
         783   2.40487754E-02
         784   2.40487754E-02
         785   2.40487754E-02
         786   2.40487754E-02
         787   2.40487754E-02
         788   2.40487754E-02
         789   2.40487754E-02
         790   2.40487754E-02
         791   2.40487754E-02
         792   2.40487754E-02
         793   2.40487754E-02
         794   2.40487754E-02
         795   2.40487754E-02
         796   2.40487754E-02
         797   2.40487754E-02
         798   2.40487754E-02
         799   2.40487754E-02
         800   2.40487754E-02
         801   2.40487754E-02
         802   2.40487754E-02
         803   2.40487754E-02
         804   2.40487754E-02
         805   2.40487754E-02
         806   2.40487754E-02
         807   2.40487754E-02
         808   2.40487754E-02
         809   2.40487754E-02
         810   2.40487754E-02
         811   2.40487754E-02
         812   2.40487754E-02
         813   2.40487754E-02
         814   2.40487754E-02
         815   2.40487754E-02
         816   2.40487754E-02
         817   2.40487754E-02
         818   2.40487754E-02
         819   2.40487754E-02
         820   2.40487754E-02
         821   2.40487754E-02
         822   2.40487754E-02
         823   2.40487754E-02
         824   2.40487754E-02
         825   2.40487754E-02
         826   2.40487754E-02
         827   2.40487754E-02
         828   2.40487754E-02
         829   2.40487754E-02
         830   2.40487754E-02
         831   2.40487754E-02
         832   2.40487754E-02
         833   2.40487754E-02
         834   2.40487754E-02
         835   2.40487754E-02
         836   2.40487754E-02
         837   2.40487754E-02
         838   2.40487754E-02
         839   2.40487754E-02
         840   2.40487754E-02
         841   2.40487754E-02
         842   2.40487754E-02
         843   2.40487754E-02
         844   2.40487754E-02
         845   2.40487754E-02
         846   2.40487754E-02
         847   2.40487754E-02
         848   2.40487754E-02
         849   2.40487754E-02
         850   2.40487754E-02
         851   2.40487754E-02
         852   2.40487754E-02
         853   2.40487754E-02
         854   2.40487754E-02
         855   2.40487754E-02
         856   2.40487754E-02
         857   2.40487754E-02
         858   2.40487754E-02
         859   2.40487754E-02
         860   2.40487754E-02
         861   2.40487754E-02
         862   2.40487754E-02
         863   2.40487754E-02
         864   2.40487754E-02
         865   2.40487754E-02
         866   2.40487754E-02
         867   2.40487754E-02
         868   2.40487754E-02
         869   2.40487754E-02
         870   2.40487754E-02
         871   2.40487754E-02
         872   2.40487754E-02
         873   2.40487754E-02
         874   2.40487754E-02
         875   2.40487754E-02
         876   2.40487754E-02
         877   2.40487754E-02
         878   2.40487754E-02
         879   2.40487754E-02
         880   2.40487754E-02
         881   2.40487754E-02
         882   2.40487754E-02
         883   2.40487754E-02
         884   2.40487754E-02
         885   2.40487754E-02
         886   2.40487754E-02
         887   2.40487754E-02
         888   2.40487754E-02
         889   2.40487754E-02
         890   2.40487754E-02
         891   2.40487754E-02
         892   2.40487754E-02
         893   2.40487754E-02
         894   2.40487754E-02
         895   2.40487754E-02
         896   2.40487754E-02
         897   2.40487754E-02
         898   2.40487754E-02
         899   2.40487754E-02
         900   2.40487754E-02
         901   2.40487754E-02
         902   2.40487754E-02
         903   2.40487754E-02
         904   2.40487754E-02
         905   2.40487754E-02
         906   2.40487754E-02
         907   2.40487754E-02
         908   2.40487754E-02
         909   2.40487754E-02
         910   2.40487754E-02
         911   2.40487754E-02
         912   2.40487754E-02
         913   2.40487754E-02
         914   2.40487754E-02
         915   2.40487754E-02
         916   2.40487754E-02
         917   2.40487754E-02
         918   2.40487754E-02
         919   2.40487754E-02
         920   2.40487754E-02
         921   2.40487754E-02
         922   2.40487754E-02
         923   2.40487754E-02
         924   2.40487754E-02
         925   2.40487754E-02
         926   2.40487754E-02
         927   2.40487754E-02
         928   2.40487754E-02
         929   2.40487754E-02
         930   2.40487754E-02
         931   2.40487754E-02
         932   2.40487754E-02
         933   2.40487754E-02
         934   2.40487754E-02
         935   2.40487754E-02
         936   2.40487754E-02
         937   2.40487754E-02
         938   2.40487754E-02
         939   2.40487754E-02
         940   2.40487754E-02
         941   2.40487754E-02
         942   2.40487754E-02
         943   2.40487754E-02
         944   2.40487754E-02
         945   2.40487754E-02
         946   2.40487754E-02
         947   2.40487754E-02
         948   2.40487754E-02
         949   2.40487754E-02
         950   2.40487754E-02
         951   2.40487754E-02
         952   2.40487754E-02
         953   2.40487754E-02
         954   2.40487754E-02
         955   2.40487754E-02
         956   2.40487754E-02
         957   2.40487754E-02
         958   2.40487754E-02
         959   2.40487754E-02
         960   2.40487754E-02
         961   2.40487754E-02
         962   2.40487754E-02
         963   2.40487754E-02
         964   2.40487754E-02
         965   2.40487754E-02
         966   2.40487754E-02
         967   2.40487754E-02
         968   2.40487754E-02
         969   2.40487754E-02
         970   2.40487754E-02
         971   2.40487754E-02
         972   2.40487754E-02
         973   2.40487754E-02
         974   2.40487754E-02
         975   2.40487754E-02
         976   2.40487754E-02
         977   2.40487754E-02
         978   2.40487754E-02
         979   2.40487754E-02
         980   2.40487754E-02
         981   2.40487754E-02
         982   2.40487754E-02
         983   2.40487754E-02
         984   2.40487754E-02
         985   2.40487754E-02
         986   2.40487754E-02
         987   2.40487754E-02
         988   2.40487754E-02
         989   2.40487754E-02
         990   2.40487754E-02
         991   2.40487754E-02
         992   2.40487754E-02
         993   2.40487754E-02
         994   2.40487754E-02
         995   2.40487754E-02
         996   2.40487754E-02
         997   2.40487754E-02
         998   2.40487754E-02
         999   2.40487754E-02
        1000   2.40487754E-02
