          51
  -50.047619047619051          0.41892272248677392     
  -31.636409109571694          0.41892272248564466     
  -19.993563775053278          0.41892272246609585     
  -12.630883758929727          0.41892272237867623     
  -7.9748864092863689          0.41892272133526076     
  -5.0305358097203730          0.41892271726300834     
  -3.1685930717528117          0.41892267474393441     
  -1.9911413239952120          0.41892253450013683     
  -1.2465466648647301          0.41892141762853469     
 -0.77568133432230568          0.41891945811929154     
 -0.47791642721735966          0.41891240582447486     
 -0.28961643112064461          0.41891141583448771     
 -0.17053964374916852          0.41890820687697278     
  -9.5238095238095247E-002     0.41891263371404491     
  -4.7619047619047616E-002     0.41891447009837463     
   0.0000000000000000          0.41891833655003885     
   5.0000000000000003E-002     0.41892250535261816     
  0.10000000000000001          0.41892619276526133     
  0.15000000000000002          0.41893231113210944     
  0.20000000000000001          0.41893542930509653     
  0.25000000000000000          0.41894175224759372     
  0.29999999999999999          0.41894402446608459     
  0.34999999999999998          0.41894882101641229     
  0.39999999999999997          0.41895006909595423     
  0.44999999999999996          0.41895210224927482     
  0.49999999999999994          0.41895224036526457     
  0.54999999999999993          0.41895106035931512     
  0.59999999999999998          0.41895007619878177     
  0.65000000000000002          0.41894609064233940     
  0.70000000000000007          0.41894404343892439     
  0.75000000000000011          0.41893842590978408     
  0.80000000000000016          0.41893546637943507     
  0.85000000000000020          0.41892986414655553     
  0.90000000000000024          0.41892625100361008     
  0.95000000000000029          0.41892226290863965     
   1.0000000000000002          0.41891841259366991     
   1.0476190476190477          0.41891700332812881     
   1.0952380952380953          0.41891271875046476     
   1.1705396437491684          0.41891397707132938     
   1.2896164311206446          0.41891148558652808     
   1.4779164272173597          0.41891755355218691     
   1.7756813343223057          0.41891947511502969     
   2.2465466648647299          0.41892213703239051     
   2.9911413239952118          0.41892253562377391     
   4.1685930717528112          0.41892270281166283     
   6.0305358097203730          0.41892271730152231     
   8.9748864092863698          0.41892272205054254     
   13.630883758929727          0.41892272237950734     
   20.993563775053278          0.41892272247927259     
   32.636409109571694          0.41892272248565859     
   51.047619047619051          0.41892272248721801     
