          51
  -50.047619047619051          0.41892271983075757     
  -31.636409109571694          0.41892271439039830     
  -19.993563775053278          0.41892266787539312     
  -12.630883758929727          0.41892235501095526     
  -7.9748864092863689          0.41892033698916115     
  -5.0305358097203730          0.41890798088128456     
  -3.1685930717528117          0.41883790950206878     
  -1.9911413239952120          0.41849118519556228     
  -1.2465466648647301          0.41714395157886919     
 -0.77568133432230568          0.41340161455368885     
 -0.47791642721735966          0.40595599868934051     
 -0.28961643112064461          0.39416454467830347     
 -0.17053964374916852          0.37687711597903295     
  -9.5238095238095247E-002     0.35040012892952382     
  -4.7619047619047616E-002     0.27179701332471246     
   0.0000000000000000          0.28587502341617238     
   5.0000000000000003E-002     0.38780550290891114     
  0.10000000000000001          0.42950053401202459     
  0.15000000000000002          0.45631853864858768     
  0.20000000000000001          0.47547453270416162     
  0.25000000000000000          0.48964188968683031     
  0.29999999999999999          0.50011654689466412     
  0.34999999999999998          0.50761619317155526     
  0.39999999999999997          0.51256279374520763     
  0.44999999999999996          0.51520188315829485     
  0.49999999999999994          0.51565669478813803     
  0.54999999999999993          0.51395024498081709     
  0.59999999999999998          0.51000662776018990     
  0.65000000000000002          0.50363218052880965     
  0.70000000000000007          0.49446709288890395     
  0.75000000000000011          0.48187839561435147     
  0.80000000000000016          0.46470809575917399     
  0.85000000000000020          0.44056787273069153     
  0.90000000000000024          0.40308487770850709     
  0.95000000000000029          0.31013596212394745     
   1.0000000000000002          0.29542827720526077     
   1.0476190476190477          0.35798799176842322     
   1.0952380952380953          0.37913303731870662     
   1.1705396437491684          0.39235566487825863     
   1.2896164311206446          0.40262963237906568     
   1.4779164272173597          0.41024427331949681     
   1.7756813343223057          0.41522045692466314     
   2.2465466648647299          0.41774202956485595     
   2.9911413239952118          0.41864357680899977     
   4.1685930717528112          0.41887037738951022     
   6.0305358097203730          0.41891418919461343     
   8.9748864092863698          0.41892142938425109     
   13.630883758929727          0.41892253320949813     
   20.993563775053278          0.41892269514993891     
   32.636409109571694          0.41892271845880485     
   51.047619047619051          0.41892272115505946     
