  -135.81144261494529                  0
  -85.811442614945292                  0
  -54.087397074020885                  0
  -33.970703115950855                  0
  -21.226024177380157                  0
  -13.163430127838001                  0
  -8.0745032303682258                  0
  -4.8741999996831424                  0
  -2.8733919284524152                  0
  -1.6344024571145481                  0
 -0.87925618811750850                  0
 -0.43140649140729825                  0
 -0.17872577275108864                  0
  -5.0000000000000024E-002             0
  -0.0000000000000000                  0
   0.0000000000000000                  0
   5.0000000000000003E-002             0
  0.10000000000000001                  0
  0.15000000000000002                  0
  0.20000000000000001                  0
  0.25000000000000000                  0
  0.29999999999999999                  0
  0.34999999999999998                  0
  0.39999999999999997                  0
  0.44999999999999996                  0
  0.49999999999999994                  0
  0.54999999999999993                  0
  0.59999999999999998                  0
  0.65000000000000002                  0
  0.70000000000000007                  0
  0.75000000000000011                  0
  0.80000000000000016                  0
  0.85000000000000020                  0
  0.90000000000000024                  0
  0.95000000000000029                  0
   1.0000000000000002                  0
   1.0000000000000000                  0
   1.0500000000000000                  0
   1.1787257727510887                  0
   1.4314064914072984                  0
   1.8792561881175085                  0
   2.6344024571145481                  0
   3.8733919284524152                  0
   5.8741999996831424                  0
   9.0745032303682258                  0
   14.163430127838001                  0
   22.226024177380157                  0
   34.970703115950855                  0
   55.087397074020885                  0
   86.811442614945292                  0
   136.81144261494529                  0
