   1.0000000000000000        0.0000000000000000     
  0.99996884689415633        7.8933669097132828E-003
  0.99987538951765731        1.5786242013636962E-002
  0.99971963369347794        2.3678133536623992E-002
  0.99950158912617382        3.1568549764810529E-002
  0.99922126940127565        3.9456999076252754E-002
  0.99887869198444357        4.7342989971557989E-002
  0.99847387822037881        5.5226031104508140E-002
  0.99800685333149342        6.3105631312673646E-002
  0.99747764641633874        7.0981299648015916E-002
  0.99688629044779320        7.8852545407476479E-002
  0.99623282227100673        8.6718878163550797E-002
  0.99551728260110595        9.4579807794844969E-002
  0.99473971602065692       0.10243484451661332     
  0.99390017097688776       0.11028349891127506     
  0.99299869977866961       0.11812528195890802     
  0.99203535859325775       0.12595970506771761     
  0.99101020744279211       0.13378628010447918     
  0.98992331020055713       0.14160451942495170     
  0.98877473458700260       0.14941393590426102     
  0.98756455216552375       0.15721404296725086     
  0.98629283833800274       0.16500435461879936     
  0.98495967234011050       0.17278438547409963     
  0.98356513723636985       0.18055365078890229     
  0.98210931991498041       0.18831166648971798     
  0.98059231108240408       0.19605794920397815     
  0.97901420525771454       0.20379201629015223     
  0.97737510076670719       0.21151338586781915     
  0.97567509973577360       0.21922157684769147     
  0.97391430808553769       0.22691610896159028     
  0.97209283552425696       0.23459650279236885     
  0.97021079554098622       0.24226227980378334     
  0.96826830539850717       0.24991296237030852     
  0.96626548612602181       0.25754807380689682     
  0.96420246251161168       0.26516713839867878     
  0.96207936309446285       0.27276968143060321     
  0.95989632015685700       0.28035522921701450     
  0.95765346971592946       0.28792330913116648     
  0.95535095151519478       0.29547344963467009     
  0.95298890901583921       0.30300518030687273     
  0.95056748938778290       0.31051803187416882     
  0.94808684350050954       0.31801153623923822     
  0.94554712591366707       0.32548522651021167     
  0.94294849486743704       0.33293863702976106     
  0.94029111227267559       0.34037130340411276     
  0.93757514370082506       0.34778276253198226     
  0.93480075837359833       0.35517255263342828     
  0.93196812915243488       0.36254021327862435     
  0.92907743252773056       0.36988528541654669     
  0.92612884860784128       0.37720731140357583     
  0.92312256110786084       0.38450583503201063     
  0.92005875733817455       0.39178040155849292     
  0.91693762819278890       0.39903055773234075     
  0.91375936813743686       0.40625585182378876     
  0.91052417519746232       0.41345583365213379     
  0.90723225094548154       0.42063005461378394     
  0.90388380048882366       0.42777806771020932     
  0.90047903245675176       0.43489942757579264     
  0.89701815898746362       0.44199369050557880     
  0.89350139571487430       0.44906041448291978     
  0.88992896175518044       0.45609915920701560     
  0.88630107969320882       0.46310948612034741     
  0.88261797556854715       0.47009095843600257     
  0.87887987886146057       0.47704314116488916     
  0.87508702247859393       0.48396560114283838     
  0.87123964273845977       0.49085790705759330     
  0.86733797935671486       0.49771962947568266     
  0.86338227543122359       0.50455034086917705     
  0.85937277742691220       0.51134961564232617     
  0.85530973516041220       0.51811703015807697     
  0.85119340178449487       0.52485216276446778     
  0.84702403377229918       0.53155459382090098     
  0.84280189090135094       0.53822390572428802     
  0.83852723623737768       0.54485968293506992     
  0.83420033611791788       0.55146151200310689     
  0.82982146013572622       0.55802898159343961     
  0.82539088112197656       0.56456168251191752     
  0.82090887512926303       0.57105920773069418     
  0.81637572141439951       0.57752115241358803     
  0.81179170242102117       0.58394711394130561     
  0.80715710376198579       0.59033669193652771     
  0.80247221420157844       0.59668948828885526     
  0.79773732563751987       0.60300510717961386     
  0.79295273308277914       0.60928315510651598     
  0.78811873464719284       0.61552324090817856     
  0.78323563151889097       0.62172497578849450     
  0.77830372794553049       0.62788797334085766     
  0.77332333121533969       0.63401184957223788     
  0.76829475163797134       0.64009622292710644     
  0.76321830252516909       0.64614071431120901     
  0.75809430017124613       0.65214494711518589     
  0.75292306383337770       0.65810854723803691     
  0.74770491571170983       0.66403114311043043     
  0.74244018092928388       0.66991236571785440     
  0.73712918751177969       0.67575184862360793     
  0.73177226636707748       0.68154922799163298     
  0.72636975126464010       0.68730414260918349     
  0.72092197881471720       0.69301623390933098     
  0.71542928844737208       0.69868514599330567     
  0.70989202239133375       0.70431052565267127     
  0.70431052565267305       0.70989202239133198     
  0.69868514599330733       0.71542928844737042     
  0.69301623390933265       0.72092197881471554     
  0.68730414260918515       0.72636975126463854     
  0.68154922799163475       0.73177226636707593     
  0.67575184862360971       0.73712918751177803     
  0.66991236571785617       0.74244018092928221     
  0.66403114311043221       0.74770491571170816     
  0.65810854723803869       0.75292306383337615     
  0.65214494711518767       0.75809430017124457     
  0.64614071431121078       0.76321830252516754     
  0.64009622292710833       0.76829475163796979     
  0.63401184957223977       0.77332333121533814     
  0.62788797334085955       0.77830372794552904     
  0.62172497578849639       0.78323563151888942     
  0.61552324090818045       0.78811873464719140     
  0.60928315510651787       0.79295273308277769     
  0.60300510717961586       0.79773732563751842     
  0.59668948828885726       0.80247221420157699     
  0.59033669193652971       0.80715710376198435     
  0.58394711394130749       0.81179170242101983     
  0.57752115241358992       0.81637572141439818     
  0.57105920773069618       0.82090887512926158     
  0.56456168251191940       0.82539088112197523     
  0.55802898159344161       0.82982146013572489     
  0.55146151200310889       0.83420033611791655     
  0.54485968293507192       0.83852723623737646     
  0.53822390572429002       0.84280189090134972     
  0.53155459382090275       0.84702403377229807     
  0.52485216276446955       0.85119340178449387     
  0.51811703015807864       0.85530973516041120     
  0.51134961564232773       0.85937277742691132     
  0.50455034086917849       0.86338227543122281     
  0.49771962947568410       0.86733797935671408     
  0.49085790705759458       0.87123964273845911     
  0.48396560114283960       0.87508702247859327     
  0.47704314116489033       0.87887987886145991     
  0.47009095843600368       0.88261797556854660     
  0.46310948612034841       0.88630107969320837     
  0.45609915920701649       0.88992896175517999     
  0.44906041448292056       0.89350139571487386     
  0.44199369050557946       0.89701815898746329     
  0.43489942757579325       0.90047903245675154     
  0.42777806771020982       0.90388380048882344     
  0.42063005461378439       0.90723225094548132     
  0.41345583365213412       0.91052417519746220     
  0.40625585182378898       0.91375936813743674     
  0.39903055773234086       0.91693762819278879     
  0.39178040155849292       0.92005875733817455     
  0.38450583503201052       0.92312256110786084     
  0.37720731140357561       0.92612884860784139     
  0.36988528541654636       0.92907743252773067     
  0.36254021327862390       0.93196812915243510     
  0.35517255263342773       0.93480075837359855     
  0.34778276253198165       0.93757514370082529     
  0.34037130340411204       0.94029111227267581     
  0.33293863702976023       0.94294849486743737     
  0.32548522651021072       0.94554712591366741     
  0.31801153623923717       0.94808684350050987     
  0.31051803187416765       0.95056748938778324     
  0.30300518030687146       0.95298890901583966     
  0.29547344963466871       0.95535095151519522     
  0.28792330913116504       0.95765346971592991     
  0.28035522921701289       0.95989632015685744     
  0.27276968143060148       0.96207936309446329     
  0.26516713839867695       0.96420246251161212     
  0.25754807380689487       0.96626548612602237     
  0.24991296237030647       0.96826830539850772     
  0.24226227980378123       0.97021079554098677     
  0.23459650279236666       0.97209283552425751     
  0.22691610896158798       0.97391430808553825     
  0.21922157684768909       0.97567509973577415     
  0.21151338586781668       0.97737510076670775     
  0.20379201629014967       0.97901420525771499     
  0.19605794920397551       0.98059231108240463     
  0.18831166648971526       0.98210931991498085     
  0.18055365078889948       0.98356513723637040     
  0.17278438547409675       0.98495967234011095     
  0.16500435461879637       0.98629283833800319     
  0.15721404296724778       0.98756455216552419     
  0.14941393590425786       0.98877473458700305     
  0.14160451942494845       0.98992331020055757     
  0.13378628010447585       0.99101020744279256     
  0.12595970506771420       0.99203535859325820     
  0.11812528195890452       0.99299869977867006     
  0.11028349891127148       0.99390017097688821     
  0.10243484451660965       0.99473971602065736     
   9.4579807794841222E-002  0.99551728260110628     
   8.6718878163546967E-002  0.99623282227100707     
   7.8852545407472552E-002  0.99688629044779353     
   7.0981299648011906E-002  0.99747764641633907     
   6.3105631312669552E-002  0.99800685333149364     
   5.5226031104503949E-002  0.99847387822037903     
   4.7342989971553708E-002  0.99887869198444379     
   3.9456999076248382E-002  0.99922126940127576     
   3.1568549764806067E-002  0.99950158912617393     
   2.3678133536619440E-002  0.99971963369347805     
   1.5786242013632320E-002  0.99987538951765731     
   7.8933669097085487E-003  0.99996884689415633     
  -4.8237489683933212E-015   1.0000000000000000     
